ORB Opening-Range QUALITY filter optimization — ES 2026-01-20..2026-04-15
================================================================================
CSV: /media/mysyntax/LENOVO_USB_/cme-futures-ohlc-main/ES/ES_1min_20260120_20260415.csv
Baseline (no filter): {'trades': 54, 'win%': np.float64(53.7), 'PF': np.float64(1.64), 'net%': np.float64(15.5), 'gross%': np.float64(18.2), 'maxDD%': np.float64(-6.7), 'avg_R': np.float64(0.274), 'label': 'BASELINE (no filter)', 'filtered_days': 61, 'pass_rate%': 100.0}
Sessions: 61  trade sessions baseline: 54
OR width  mean 25.95 median 24.25 range 8.2-51.0 pts
Eff       mean 0.459 median 0.439
Drift     mean 0.429 median 0.432
Costs 1pt RT, 1% risk, TP 2R/SL opposite, EOD flat, mode=retest, range 15m (5x3m bars)

All filters (trades>=5) sorted by PF:
                              label  trades  win%    PF  net%  gross%  maxDD%  filtered_days  pass_rate%
                        drift>=0.70      11  90.9 13.18  13.3    13.8    -1.0             12        19.7
              width>=22 & eff>=0.53      11  90.9 10.86  10.5    10.9    -1.0             12        19.7
                      ratio_or>=1.2      18  66.7  3.22  11.1    11.8    -1.2             19        31.1
                          width<=18      12  66.7  3.03   8.9     9.9    -2.1             14        23.0
                          eff<=0.40      17  64.7  2.94  12.8    13.9    -3.1             19        31.1
                          eff>=0.53      14  71.4  2.67   7.1     7.6    -3.1             15        24.6
              width>=15 & eff>=0.53      14  71.4  2.67   7.1     7.6    -3.1             15        24.6
              width>=18 & eff>=0.53      14  71.4  2.67   7.1     7.6    -3.1             15        24.6
                        width 10-18      11  63.6  2.59   6.9     7.7    -2.1             12        19.7
                          width<=22      19  57.9  2.19  10.4    11.7    -2.1             22        36.1
                        drift>=0.50      23  60.9  2.18  10.1    11.2    -4.5             24        39.3
                      ratio_or>=0.8      39  59.0  2.17  16.9    18.7    -3.2             43        70.5
                      ratio_or>=1.0      28  60.7  2.15  12.0    13.2    -2.7             29        47.5
            width>=18 & drift>=0.50      18  61.1  2.13   7.1     7.7    -4.5             19        31.1
              width>=22 & eff>=0.45      17  64.7  2.12   6.1     6.6    -4.1             20        32.8
                          eff<=0.45      31  54.8  2.00  12.9    14.7    -3.6             35        57.4
                        width 10-22      18  55.6  1.96   8.3     9.5    -2.1             20        32.8
                    ratio_day>=0.20      42  57.1  1.94  15.6    17.6    -4.6             48        78.7
width>=15 & eff>=0.45 & drift>=0.30      19  63.2  1.79   5.8     6.5    -5.1             21        34.4
            eff>=0.45 & drift>=0.50      16  62.5  1.78   4.9     5.4    -4.1             17        27.9
                          width>=15      47  55.3  1.75  14.8    16.9    -5.7             52        85.2
                        drift>=0.30      35  57.1  1.68  10.2    11.8    -4.7             39        63.9
                        width 15-28      29  55.2  1.67   8.8    10.2    -4.2             33        54.1
                      ratio_or>=0.5      50  54.0  1.66  14.4    16.8    -5.7             56        91.8
               BASELINE (no filter)      54  53.7  1.64  15.5    18.2    -6.7             61       100.0
                        drift<=0.85      51  52.9  1.63  14.5    17.2    -5.7             57        93.4
                        drift<=0.30      19  47.4  1.57   4.8     5.7    -3.6             22        36.1
                          width>=10      53  52.8  1.56  13.4    15.9    -6.7             59        96.7
                    ratio_day>=0.05      53  52.8  1.56  13.3    15.9    -6.7             60        98.4
                    ratio_day>=0.10      53  52.8  1.56  13.3    15.9    -6.7             60        98.4
                    ratio_day>=0.15      53  52.8  1.56  13.3    15.9    -6.7             60        98.4
                          width<=28      36  52.8  1.54   9.5    11.5    -6.2             42        68.9
     COMBINED width>=18 & eff>=0.45      21  57.1  1.53   4.5     5.2    -6.1             24        39.3
              width>=15 & eff>=0.45      21  57.1  1.53   4.5     5.2    -6.1             24        39.3
                          width>=18      43  51.2  1.43   8.1     9.8    -7.5             48        78.7
                          width>=28      20  50.0  1.43   3.3     3.9    -5.5             21        34.4
                          eff<=0.53      40  47.5  1.41   7.8     9.9    -5.8             46        75.4
              width>=22 & eff>=0.40      27  51.9  1.37   3.8     4.7    -7.5             30        49.2
                          width>=22      35  51.4  1.33   4.6     5.9    -5.5             39        63.9
                        drift<=0.50      32  46.9  1.25   3.8     5.3    -5.4             38        62.3
              width>=15 & eff>=0.40      34  50.0  1.24   3.4     4.6    -9.4             38        62.3
              width>=18 & eff>=0.40      33  48.5  1.22   3.1     4.3    -9.4             37        60.7
                          eff>=0.45      23  52.2  1.22   2.3     3.1    -6.2             26        42.6
                          width<=15       7  42.9  1.16   0.6     1.2    -3.2              9        14.8
                          eff>=0.40      37  48.6  1.15   2.4     3.8    -9.4             42        68.9
                      ratio_or<=1.2      35  45.7  1.12   1.9     3.7    -7.8             41        67.2
                        drift<=0.70      43  44.2  1.10   2.0     3.9    -6.3             49        80.3
                      ratio_or<=1.0      26  42.3  1.02   0.0     1.4    -6.8             32        52.5
                      ratio_or<=0.8      14  35.7  0.68  -3.1    -2.3    -4.1             17        27.9
                    ratio_day<=0.20      12  33.3  0.65  -3.0    -2.4    -4.8             13        21.3
          eff>=0.45 & ratio_or<=1.2      12  25.0  0.36  -5.9    -5.4    -9.0             14        23.0

Top 10 by PF:
                label  trades  win%    PF  net%  gross%  maxDD%  filtered_days  pass_rate%
          drift>=0.70      11  90.9 13.18  13.3    13.8    -1.0             12        19.7
width>=22 & eff>=0.53      11  90.9 10.86  10.5    10.9    -1.0             12        19.7
        ratio_or>=1.2      18  66.7  3.22  11.1    11.8    -1.2             19        31.1
            width<=18      12  66.7  3.03   8.9     9.9    -2.1             14        23.0
            eff<=0.40      17  64.7  2.94  12.8    13.9    -3.1             19        31.1
            eff>=0.53      14  71.4  2.67   7.1     7.6    -3.1             15        24.6
width>=15 & eff>=0.53      14  71.4  2.67   7.1     7.6    -3.1             15        24.6
width>=18 & eff>=0.53      14  71.4  2.67   7.1     7.6    -3.1             15        24.6
          width 10-18      11  63.6  2.59   6.9     7.7    -2.1             12        19.7
            width<=22      19  57.9  2.19  10.4    11.7    -2.1             22        36.1

Top 10 by net%:
               label  trades  win%    PF  net%  gross%  maxDD%  filtered_days  pass_rate%
       ratio_or>=0.8      39  59.0  2.17  16.9    18.7    -3.2             43        70.5
     ratio_day>=0.20      42  57.1  1.94  15.6    17.6    -4.6             48        78.7
BASELINE (no filter)      54  53.7  1.64  15.5    18.2    -6.7             61       100.0
           width>=15      47  55.3  1.75  14.8    16.9    -5.7             52        85.2
         drift<=0.85      51  52.9  1.63  14.5    17.2    -5.7             57        93.4
       ratio_or>=0.5      50  54.0  1.66  14.4    16.8    -5.7             56        91.8
           width>=10      53  52.8  1.56  13.4    15.9    -6.7             59        96.7
         drift>=0.70      11  90.9 13.18  13.3    13.8    -1.0             12        19.7
     ratio_day>=0.05      53  52.8  1.56  13.3    15.9    -6.7             60        98.4
     ratio_day>=0.10      53  52.8  1.56  13.3    15.9    -6.7             60        98.4

Best 5 (trades>=8) by PF improvement over baseline:
                label  trades  win%    PF  net%  gross%  maxDD%  filtered_days  pass_rate%  pf_delta  net_delta
          drift>=0.70      11  90.9 13.18  13.3    13.8    -1.0             12        19.7     11.54       -2.2
width>=22 & eff>=0.53      11  90.9 10.86  10.5    10.9    -1.0             12        19.7      9.22       -5.0
        ratio_or>=1.2      18  66.7  3.22  11.1    11.8    -1.2             19        31.1      1.58       -4.4
            width<=18      12  66.7  3.03   8.9     9.9    -2.1             14        23.0      1.39       -6.6
            eff<=0.40      17  64.7  2.94  12.8    13.9    -3.1             19        31.1      1.30       -2.7

COMBINED width>=18 & eff>=0.45:
                         label  trades  win%   PF  net%  gross%  maxDD%  filtered_days  pass_rate%
COMBINED width>=18 & eff>=0.45      21  57.1 1.53   4.5     5.2    -6.1             24        39.3

Interpretation:
- Best filter: drift>=0.70 PF=13.18 (baseline 1.64), net 13.3% vs 15.5%, trades 11
- Width filters (ge):                               label  trades  win%    PF  net%  gross%  maxDD%  filtered_days  pass_rate%
                          width>=10      53  52.8  1.56  13.4    15.9    -6.7             59        96.7
                          width>=15      47  55.3  1.75  14.8    16.9    -5.7             52        85.2
                          width>=18      43  51.2  1.43   8.1     9.8    -7.5             48        78.7
                          width>=22      35  51.4  1.33   4.6     5.9    -5.5             39        63.9
                          width>=28      20  50.0  1.43   3.3     3.9    -5.5             21        34.4
              width>=15 & eff>=0.40      34  50.0  1.24   3.4     4.6    -9.4             38        62.3
              width>=15 & eff>=0.45      21  57.1  1.53   4.5     5.2    -6.1             24        39.3
              width>=15 & eff>=0.53      14  71.4  2.67   7.1     7.6    -3.1             15        24.6
              width>=18 & eff>=0.40      33  48.5  1.22   3.1     4.3    -9.4             37        60.7
              width>=18 & eff>=0.53      14  71.4  2.67   7.1     7.6    -3.1             15        24.6
              width>=22 & eff>=0.40      27  51.9  1.37   3.8     4.7    -7.5             30        49.2
              width>=22 & eff>=0.45      17  64.7  2.12   6.1     6.6    -4.1             20        32.8
              width>=22 & eff>=0.53      11  90.9 10.86  10.5    10.9    -1.0             12        19.7
            width>=18 & drift>=0.50      18  61.1  2.13   7.1     7.7    -4.5             19        31.1
width>=15 & eff>=0.45 & drift>=0.30      19  63.2  1.79   5.8     6.5    -5.1             21        34.4
- Eff filters:                               label  trades  win%    PF  net%  gross%  maxDD%  filtered_days  pass_rate%
                          eff>=0.40      37  48.6  1.15   2.4     3.8    -9.4             42        68.9
                          eff<=0.40      17  64.7  2.94  12.8    13.9    -3.1             19        31.1
                          eff>=0.45      23  52.2  1.22   2.3     3.1    -6.2             26        42.6
                          eff<=0.45      31  54.8  2.00  12.9    14.7    -3.6             35        57.4
                          eff>=0.53      14  71.4  2.67   7.1     7.6    -3.1             15        24.6
                          eff<=0.53      40  47.5  1.41   7.8     9.9    -5.8             46        75.4
     COMBINED width>=18 & eff>=0.45      21  57.1  1.53   4.5     5.2    -6.1             24        39.3
              width>=15 & eff>=0.40      34  50.0  1.24   3.4     4.6    -9.4             38        62.3
              width>=15 & eff>=0.45      21  57.1  1.53   4.5     5.2    -6.1             24        39.3
              width>=15 & eff>=0.53      14  71.4  2.67   7.1     7.6    -3.1             15        24.6
              width>=18 & eff>=0.40      33  48.5  1.22   3.1     4.3    -9.4             37        60.7
              width>=18 & eff>=0.53      14  71.4  2.67   7.1     7.6    -3.1             15        24.6
              width>=22 & eff>=0.40      27  51.9  1.37   3.8     4.7    -7.5             30        49.2
              width>=22 & eff>=0.45      17  64.7  2.12   6.1     6.6    -4.1             20        32.8
              width>=22 & eff>=0.53      11  90.9 10.86  10.5    10.9    -1.0             12        19.7
            eff>=0.45 & drift>=0.50      16  62.5  1.78   4.9     5.4    -4.1             17        27.9
width>=15 & eff>=0.45 & drift>=0.30      19  63.2  1.79   5.8     6.5    -5.1             21        34.4
          eff>=0.45 & ratio_or<=1.2      12  25.0  0.36  -5.9    -5.4    -9.0             14        23.0
- Drift filters:                               label  trades  win%    PF  net%  gross%  maxDD%  filtered_days  pass_rate%
                        drift>=0.30      35  57.1  1.68  10.2    11.8    -4.7             39        63.9
                        drift<=0.30      19  47.4  1.57   4.8     5.7    -3.6             22        36.1
                        drift>=0.50      23  60.9  2.18  10.1    11.2    -4.5             24        39.3
                        drift<=0.50      32  46.9  1.25   3.8     5.3    -5.4             38        62.3
                        drift>=0.70      11  90.9 13.18  13.3    13.8    -1.0             12        19.7
                        drift<=0.70      43  44.2  1.10   2.0     3.9    -6.3             49        80.3
                        drift>=0.85       3  66.7  1.80   0.8     0.9    -1.0              4         6.6
                        drift<=0.85      51  52.9  1.63  14.5    17.2    -5.7             57        93.4
            width>=18 & drift>=0.50      18  61.1  2.13   7.1     7.7    -4.5             19        31.1
            eff>=0.45 & drift>=0.50      16  62.5  1.78   4.9     5.4    -4.1             17        27.9
width>=15 & eff>=0.45 & drift>=0.30      19  63.2  1.79   5.8     6.5    -5.1             21        34.4
- 24 filters beat baseline PF with >=8 trades.

Generated by /tmp/opencode/opt_width_eff.py
